1111101111010101
1111101110010010
1111111110010000
0000011001100100
0000010111011111
0000100000001110
0000011110111011
0001001001001111
1111100100101101
1111111010001010
0000001001010110
1111010101111011
0000000100111101
0000001100001000
1111111101110011
0000001100011110
1111111001111110
0000100111010000
0000011110111100
1111001101100101
1111100110000111
1111110011000010
1111110001100110
1111011001111000
1111000011111110
1111111100111111
0000111011100001
0000100110101000
0000011110011100
0000101001010001
1111111101011111
0000001100111001
1111000101010101
1111011100110111
1111001010101000
1111100001100100
0000000011111000
1111100101111101
0000001001110111
0000000111111011
0000001001010000
0000011001100100
0000101111000111
0000001011010001
1111001011010000
1111011100111110
0000000001000001
1111110010110101
1111110000101010
1111101100000010
0000100101110010
0000000000111000
0000010010101000
1111111011111011
0000010111001100
1111101011110000
0000001101100000
1111101001100000
0000001000010001
0000000111001101
1111010111100011
1111000000100011
1111111100010101
0000011100111000
1111111001111000
0000111010100101
1111110101010010
0000001101011010
0000010000110001
1110110100110001
1111010110110111
1111010011000100
1111011111110010
1111000110011100
1111100101000101
1111100001001000
0000110010001010
0000001110000111
0000000101011011
0000100110010011
0000010001110111
0000010101011111
1111101111101001
1111111100000111
1111100010010010
1111011011000001
0000000001110010
1111111100111101
0000100011111110
0000010000101110
0000000000011111
0000011011001000
0001001011001011
1111101111110111
1111110011110011
1111101010000000
1111100011010001
1111100101011010
1111100011010101
0000010001101010
