0000000000000000
0000001111011011
0000011011000001
0000011111111100
0000011100111101
0000010010110100
0000000100000001
1111110100001110
1111100111010110
1111100000100100
1111100001100100
1111101010000110
1111111000000011
0000000111111101
0000010101111010
0000011110011100
0000011111011100
0000011000101010
0000001011110010
1111111011111111
1111101101001100
1111100011000011
1111100000000100
1111100100111111
1111110000100101
0000000000000000
0000001111011011
0000011011000001
0000011111111100
0000011100111101
0000010010110100
0000000100000001
1111110100001110
1111100111010110
1111100000100100
1111100001100100
1111101010000110
1111111000000011
0000000111111101
0000010101111010
0000011110011100
0000011111011100
0000011000101010
0000001011110010
1111111011111111
1111101101001100
1111100011000011
1111100000000100
1111100100111111
1111110000100101
0000000000000000
0000001111011011
0000011011000001
0000011111111100
0000011100111101
0000010010110100
0000000100000001
1111110100001110
1111100111010110
1111100000100100
1111100001100100
1111101010000110
1111111000000011
0000000111111101
0000010101111010
0000011110011100
0000011111011100
0000011000101010
0000001011110010
1111111011111111
1111101101001100
1111100011000011
1111100000000100
1111100100111111
1111110000100101
0000000000000000
0000001111011011
0000011011000001
0000011111111100
0000011100111101
0000010010110100
0000000100000001
1111110100001110
1111100111010110
1111100000100100
1111100001100100
1111101010000110
1111111000000011
0000000111111101
0000010101111010
0000011110011100
0000011111011100
0000011000101010
0000001011110010
1111111011111111
1111101101001100
1111100011000011
1111100000000100
1111100100111111
1111110000100101
