0000000000000000
0000000000000000
0000010011110010
0000100101101000
0000110011110010
0000111100111000
0001000000000000
0000111100111000
0000110011110010
0000100101101000
0000010011110010
0000000000000000
1111101100001110
1111011010011000
1111001100001110
1111000011001000
1111000000000000
1111000011001000
1111001100001110
1111011010011000
1111101100001110
0000000000000000
0000010011110010
0000100101101000
0000110011110010
0000111100111000
0001000000000000
0000111100111000
0000110011110010
0000100101101000
0000010011110010
0000000000000000
1111101100001110
1111011010011000
1111001100001110
1111000011001000
1111000000000000
1111000011001000
1111001100001110
1111011010011000
1111101100001110
0000000000000000
0000010011110010
0000100101101000
0000110011110010
0000111100111000
0001000000000000
0000111100111000
0000110011110010
0000100101101000
0000010011110010
0000000000000000
1111101100001110
1111011010011000
1111001100001110
1111000011001000
1111000000000000
1111000011001000
1111001100001110
1111011010011000
1111101100001110
0000000000000000
0000010011110010
0000100101101000
0000110011110010
0000111100111000
0001000000000000
0000111100111000
0000110011110010
0000100101101000
0000010011110010
0000000000000000
1111101100001110
1111011010011000
1111001100001110
1111000011001000
1111000000000000
1111000011001000
1111001100001110
1111011010011000
1111101100001110
0000000000000000
0000010011110010
0000100101101000
0000110011110010
0000111100111000
0001000000000000
0000111100111000
0000110011110010
0000100101101000
0000010011110010
0000000000000000
1111101100001110
1111011010011000
1111001100001110
1111000011001000
1111000000000000
1111000011001000
1111001100001110
1111011010011000
